pyiri/igsg3410.12i
     1.0            IONOSPHERE MAPS     MIX                 IONEX VERSION / TYPE
cmpcmb v1.2          GRL/UWM            20-dec-12 13:39     PGM / RUN BY / DATE 
ionex file containing IGS COMBINED Ionosphere maps          COMMENT             
global ionosphere maps for day 341, 2012                    DESCRIPTION         
IONEX file containing the COMBINED IGS TEC MAPS and DCBs    DESCRIPTION         
      IONEX files of the following IAACs were combined: cod DESCRIPTION         
                                                        esa DESCRIPTION         
                                                        jpl DESCRIPTION         
                                                        upc DESCRIPTION         
Contact address: Andrzej Krankowski                         DESCRIPTION
                 Geodynamics Research Laboratory            DESCRIPTION
                 University of Warmia and Mazury (GRL/UWM)  DESCRIPTION
                 Oczapowski St. 1                           DESCRIPTION
                 10-957-Olsztyn, POLAND                     DESCRIPTION
                 e-mail:  kand@uwm.edu.pl                   DESCRIPTION
                                                            DESCRIPTION         
  2012    12     6     0     0     0                        EPOCH OF FIRST MAP  
  2012    12     7     0     0     0                        EPOCH OF LAST MAP   
  7200                                                      INTERVAL            
    13                                                      # OF MAPS IN FILE   
  COSZ                                                      MAPPING FUNCTION    
     0.0                                                    ELEVATION CUTOFF    
combined TEC calculated as weighted mean of input TEC valuesOBSERVABLES USED    
   415                                                      # OF STATIONS       
    32                                                      # OF SATELLITES     
  6371.0                                                    BASE RADIUS         
     2                                                      MAP DIMENSION       
   450.0 450.0   0.0                                        HGT1 / HGT2 / DHGT  
    87.5 -87.5  -2.5                                        LAT1 / LAT2 / DLAT  
  -180.0 180.0   5.0                                        LON1 / LON2 / DLON  
    -1                                                      EXPONENT            
TEC values in 0.1 tec units;  9999, if no value available   COMMENT             
DCB values in nanoseconds, reference is Sum_of_SatDCBs = 0  COMMENT             
                                                            END OF HEADER       
[from data line 3432]
     9                                                      START OF TEC MAP    
  2012    12     6    16     0     0                        EPOCH OF CURRENT MAP
    87.5-180.0 180.0   5.0 450.0                            LAT/LON1/LON2/DLON/H
   30   30   30   29   29   29   29   29   29   28   29   28   28   28   28   28
   28   28   28   29   28   29   29   29   30   30   30   30   30   30   30   30
   30   30   30   30   30   30   30   31   31   31   31   31   31   32   32   33
   33   33   33   33   34   34   34   34   34   34   33   33   33   33   33   32
   32   32   31   31   31   31   30   30   30
    85.0-180.0 180.0   5.0 450.0                            LAT/LON1/LON2/DLON/H
   30   30   29   29   28   28   27   27   27   27   27   26   26   26   26   27
   27   27   27   27   28   28   29   29   29   29   29   29   28   29   30   30
   30   31   31   30   31   31   31   31   31   31   31   31   31   31   31   31
   31   32   32   33   33   34   35   35   35   35   34   35   35   34   33   33
   32   32   32   32   31   31   31   31   30
    82.5-180.0 180.0   5.0 450.0                            LAT/LON1/LON2/DLON/H
   30   30   29   29   28   28   28   27   27   27   26   26   26   26   26   26
   27   27   27   28   29   30   30   30   31   32   33   33   32   33   33   32
   32   31   31   30   30   30   30   30   30   30   30   30   30   29   30   30
   30   31   31   31   32   33   34   34   35   35   34   35   35   34   34   34
   34   33   33   32   32   32   31   31   30
    80.0-180.0 180.0   5.0 450.0                            LAT/LON1/LON2/DLON/H
   31   30   30   30   29   29   29   29   28   28   27   27   27   27   28   29
   29   30   30   31   32   33   34   37   37   37   37   37   37   36   35   34
   34   33   32   31   30   29   29   29   28   28   27   27   27   27   27   28
   29   29   29   30   31   32   32   33   34   33   34   34   34   34   34   34
   33   33   32   32   32   32   31   31   31
    77.5-180.0 180.0   5.0 450.0                            LAT/LON1/LON2/DLON/H
   31   31   31   31   31   30   30   30   30   30   30   30   30   31   31   33
   34   36   37   39   40   41   44   44   45   46   45   43   43   41   39   38
   36   35   33   32   30   29   28   27   26   25   25   24   24   24   25   25
   26   27   27   28   29   30   31   31   32   32   32   32   32   32   32   32
   32   32   32   31   31   31   31   31   31
    75.0-180.0 180.0   5.0 450.0                            LAT/LON1/LON2/DLON/H
   31   31   32   32   32   32   32   32   33   32   32   33   34   35   37   40
   42   44   47   49   52   53   55   54   55   55   54   52   50   48   46   43
   40   38   35   33   32   30   28   27   25   24   22   22   22   22   22   23
   23   24   25   26   26   27   28   29   29   29   30   29   30   29   29   29
   29   29   29   28   28   29   29   30   31
    72.5-180.0 180.0   5.0 450.0                            LAT/LON1/LON2/DLON/H
   29   30   32   32   33   33   34   34   34   34   34   35   37   38   42   46
   50   54   57   61   64   66   68   68   67   67   65   63   59   57   53   50
   47   44   40   37   34   32   29   27   25   23   21   20   20   20   20   21
   21   22   23   24   25   26   26   26   27   27   27   27   27   27   27   26
   26   26   25   25   25   26   27   28   29
    70.0-180.0 180.0   5.0 450.0                            LAT/LON1/LON2/DLON/H
   28   29   30   31   32   34   34   34   34   34   34   35   37   40   45   51
   57   62   69   73   77   80   82   81   80   78   77   74   71   67   64   60
   56   52   47   42   38   34   31   28   25   22   21   20   20   20   21   21
   22   23   24   24   25   26   26   26   26   26   27   27   26   26   25   25
   24   24   23   23   23   23   24   26   28
    67.5-180.0 180.0   5.0 450.0                            LAT/LON1/LON2/DLON/H
   25   27   29   30   32   32   33   33   32   32   33   34   37   42   48   56
   63   70   78   83   88   92   92   92   92   90   88   86   83   80   76   71
   67   61   55   49   43   38   34   29   26   23   21   21   21   22   22   23
   24   25   26   26   27   27   28   27   27   27   27   27   27   27   27   26
   25   24   23   22   22   22   22   24   25
    65.0-180.0 180.0   5.0 450.0                            LAT/LON1/LON2/DLON/H
   25   26   28   30   30   31   31   31   30   30   31   33   37   42   51   59
   68   77   85   91   97  100  101  101  101  100   99   98   95   92   89   84
   78   72   64   56   48   41   36   32   28   25   24   24   25   26   27   28
   28   29   29   29   29   29   29   29   28   28   29   29   29   30   30   30
   29   27   26   24   23   22   23   24   25
    62.5-180.0 180.0   5.0 450.0                            LAT/LON1/LON2/DLON/H
   27   27   29   30   31   31   30   29   28   28   29   32   37   45   54   63
   73   83   90   97  102  106  107  107  107  106  107  106  104  103  100   95
   90   82   73   63   54   46   39   35   31   29   28   30   31   33   34   34
   34   33   32   31   31   31   32   32   31   31   31   32   33   34   34   35
   34   33   31   29   28   26   25   26   27
    60.0-180.0 180.0   5.0 450.0                            LAT/LON1/LON2/DLON/H
   31   30   31   32   32   31   30   29   28   28   29   34   40   48   58   68
   79   88   96  102  106  109  111  110  110  111  112  113  113  112  109  105
   99   91   82   72   62   53   45   40   37   35   35   38   41   43   43   40
   39   38   36   34   33   33   33   34   34   34   34   36   37   39   40   41
   40   39   38   36   33   31   30   30   31
    57.5-180.0 180.0   5.0 450.0                            LAT/LON1/LON2/DLON/H
   36   36   36   36   35   33   31   30   28   29   32   38   45   53   65   75
   86   93  102  106  110  112  113  112  113  114  115  117  119  119  117  114
  107   99   90   80   70   61   55   50   47   45   46   49   51   53   52   49
   47   44   42   40   38   37   36   37   37   37   38   40   42   44   46   47
   47   46   44   42   40   38   36   36   36
    55.0-180.0 180.0   5.0 450.0                            LAT/LON1/LON2/DLON/H
   42   42   42   41   40   38   35   33   31   33   37   43   52   61   73   84
   92  101  106  111  113  115  115  115  115  116  118  121  124  125  123  120
  113  105   96   87   79   71   65   61   57   56   57   59   61   61   60   58
   54   52   49   46   44   41   41   41   41   41   42   44   46   49   50   51
   51   51   49   48   46   44   43   43   42
    52.5-180.0 180.0   5.0 450.0                            LAT/LON1/LON2/DLON/H
   49   49   49   48   47   44   41   38   36   38   43   50   60   69   81   91
  100  108  113  116  118  119  119  119  119  120  121  125  128  130  129  125
  119  112  104   95   87   82   77   72   67   66   66   68   70   69   68   67
   64   59   56   53   50   48   48   48   48   47   48   48   50   52   53   54
   54   54   53   52   51   50   50   49   49
    50.0-180.0 180.0   5.0 450.0                            LAT/LON1/LON2/DLON/H
   55   55   56   55   54   51   47   45   43   45   50   58   69   79   89   99
  107  115  120  123  124  125  125  125  125  125  126  129  131  135  134  130
  124  118  111  105   97   92   88   83   79   77   76   77   77   77   76   75
   72   68   65   62   60   58   57   56   55   54   54   54   55   55   56   56
   56   56   55   55   55   54   54   54   55
    47.5-180.0 180.0   5.0 450.0                            LAT/LON1/LON2/DLON/H
   58   59   60   61   60   58   55   52   50   53   59   68   78   88   98  107
  115  122  127  131  132  133  134  133  133  133  133  135  137  139  138  133
  129  124  119  113  107  103   98   93   90   88   86   85   84   84   84   83
   80   77   74   71   70   69   67   66   64   62   60   59   59   59   60   59
   58   57   57   56   56   56   57   57   58
    45.0-180.0 180.0   5.0 450.0                            LAT/LON1/LON2/DLON/H
   58   60   62   64   64   63   61   59   58   62   68   77   88   97  106  114
  123  130  136  140  142  142  144  145  144  143  142  143  144  144  142  138
  133  130  126  121  116  112  107  102   98   95   93   91   90   90   90   89
   88   86   83   82   81   79   77   74   71   67   65   64   64   63   62   61
   60   58   58   57   57   57   57   57   58
    42.5-180.0 180.0   5.0 450.0                            LAT/LON1/LON2/DLON/H
   56   58   61   64   66   66   65   64   65   71   79   88   98  107  115  123
  131  140  146  150  152  153  155  157  156  155  153  152  151  149  146  142
  138  136  133  128  123  119  113  108  104  101   98   96   95   95   94   94
   94   93   92   91   90   88   84   80   75   70   67   65   65   65   64   63
   61   59   58   57   56   56   56   55   56
    40.0-180.0 180.0   5.0 450.0                            LAT/LON1/LON2/DLON/H
   52   54   57   61   64   65   66   68   72   79   89   98  109  118  126  133
  141  150  156  160  162  163  166  167  168  166  162  161  158  155  150  147
  144  143  140  137  132  127  120  114  109  106  103  100   98   97   97   97
   98   99   98   97   95   92   86   81   75   69   66   65   65   66   65   64
   62   60   58   56   54   53   52   51   52
    37.5-180.0 180.0   5.0 450.0                            LAT/LON1/LON2/DLON/H
   47   48   51   55   59   61   65   69   77   87   99  111  121  130  138  145
  152  161  167  171  173  173  175  176  177  175  171  167  164  160  156  152
  151  150  150  148  144  136  127  120  114  111  108  104  102  100  100  101
  100  101  100   97   95   90   85   79   73   67   64   64   65   66   66   64
   63   61   59   56   53   50   48   47   47
    35.0-180.0 180.0   5.0 450.0                            LAT/LON1/LON2/DLON/H
   41   42   44   47   52   56   62   69   80   95  109  123  135  143  151  158
  166  173  179  182  182  182  183  182  182  180  176  173  169  165  163  160
  162  163  165  164  159  149  138  127  120  117  113  111  108  104  103  103
  102  100   98   95   91   88   83   77   70   65   63   63   65   66   66   66
   65   63   61   57   53   49   46   42   41
    32.5-180.0 180.0   5.0 450.0                            LAT/LON1/LON2/DLON/H
   38   37   38   40   44   49   57   67   81   99  118  134  148  158  165  173
  180  185  189  192  191  189  187  185  183  181  179  176  174  172  172  173
  176  183  187  189  182  168  152  138  130  127  122  120  116  111  108  105
  102   99   95   91   88   85   81   75   70   65   63   64   66   67   68   68
   67   66   64   59   55   50   45   41   38
    30.0-180.0 180.0   5.0 450.0                            LAT/LON1/LON2/DLON/H
   38   36   36   36   40   43   50   63   80  101  123  143  158  172  181  189
  194  197  199  200  198  195  191  187  182  181  180  181  182  183  187  192
  199  210  217  219  210  192  173  156  144  138  135  132  127  121  117  110
  105   99   94   90   87   85   81   77   72   68   66   66   67   69   70   70
   70   70   68   65   60   54   48   43   38
    27.5-180.0 180.0   5.0 450.0                            LAT/LON1/LON2/DLON/H
   44   40   38   38   38   40   47   60   78  101  127  150  169  184  195  203
  207  209  209  208  204  200  195  188  182  180  182  188  195  200  210  218
  229  245  256  259  248  230  203  181  164  156  152  148  142  135  129  120
  111  103   98   94   92   89   87   83   79   75   72   71   71   72   73   74
   74   75   75   72   68   62   56   50   44
    25.0-180.0 180.0   5.0 450.0                            LAT/LON1/LON2/DLON/H
   53   48   45   43   42   43   47   59   78  103  130  155  176  193  206  216
  220  220  218  216  212  206  199  191  184  184  190  200  213  225  237  247
  263  283  299  306  294  275  241  209  188  177  174  168  160  152  144  132
  121  114  109  105  103  100   98   94   89   85   80   78   78   78   78   80
   81   82   82   82   78   73   67   60   53
    22.5-180.0 180.0   5.0 450.0                            LAT/LON1/LON2/DLON/H
   65   60   55   52   49   48   52   63   81  105  132  159  182  202  217  229
  232  232  228  225  220  213  205  196  190  193  203  220  238  256  270  281
  298  318  345  356  342  319  276  235  213  201  196  190  180  171  161  150
  138  131  127  122  119  115  112  109  103   96   91   88   86   84   85   86
   88   90   91   91   89   85   79   72   65
    20.0-180.0 180.0   5.0 450.0                            LAT/LON1/LON2/DLON/H
   76   70   66   62   59   57   60   71   87  110  136  163  187  210  228  243
  247  246  241  237  231  223  215  206  203  208  223  244  270  291  306  317
  335  360  382  394  382  352  301  263  240  227  220  209  198  187  178  168
  159  153  149  145  140  133  129  124  116  108  102   97   94   92   92   93
   95   97   99   99   97   94   88   83   76
    17.5-180.0 180.0   5.0 450.0                            LAT/LON1/LON2/DLON/H
   82   78   75   71   67   67   70   81   97  119  144  169  194  219  242  259
  265  264  257  251  245  236  227  221  221  230  249  275  304  327  344  352
  370  394  413  418  402  368  322  286  265  252  241  226  212  199  191  184
  181  176  173  169  160  152  145  137  127  118  110  103  101   98   99  100
  101  102  103  103  102   99   94   88   82
    15.0-180.0 180.0   5.0 450.0                            LAT/LON1/LON2/DLON/H
   84   80   78   77   74   75   81   92  110  130  155  180  205  232  258  278
  288  288  279  271  262  252  244  241  244  257  279  306  339  363  377  381
  394  415  427  425  405  373  337  307  288  274  259  240  221  206  199  196
  199  199  195  189  179  167  157  146  135  123  114  107  104  103  103  104
  105  105  104  103  101   98   93   88   84
    12.5-180.0 180.0   5.0 450.0                            LAT/LON1/LON2/DLON/H
   79   77   77   78   78   81   89  104  124  146  170  194  220  248  276  299
  313  316  307  296  283  273  267  265  271  289  312  338  365  389  401  401
  408  419  426  422  404  378  349  325  309  294  275  251  225  207  198  201
  209  213  211  203  190  177  163  151  137  124  114  107  104  103  104  106
  106  104  102   99   96   92   88   83   79
    10.0-180.0 180.0   5.0 450.0                            LAT/LON1/LON2/DLON/H
   70   69   71   75   78   84   97  115  138  162  187  212  237  267  298  325
  343  348  341  328  312  302  296  295  304  323  346  368  389  405  412  411
  411  417  420  416  403  383  361  342  327  310  289  259  226  204  193  197
  209  217  219  212  197  181  166  151  137  123  112  104  102  101  103  105
  105  103   98   93   89   84   78   73   70
     7.5-180.0 180.0   5.0 450.0                            LAT/LON1/LON2/DLON/H
   60   60   63   68   75   86  103  124  150  178  204  229  255  286  321  352
  374  384  378  367  348  336  330  330  341  358  377  394  408  416  417  415
  413  415  416  414  405  390  375  359  343  326  300  264  228  201  187  188
  204  215  221  215  201  186  169  153  137  123  111  103  100   99  101  103
  103  100   95   89   83   76   69   64   60
     5.0-180.0 180.0   5.0 450.0                            LAT/LON1/LON2/DLON/H
   53   53   55   62   71   86  107  134  162  192  219  246  272  304  341  377
  404  418  418  407  388  375  367  365  375  390  403  414  422  425  424  421
  417  417  419  417  410  399  387  374  359  339  310  272  233  204  187  185
  199  212  220  217  207  193  177  160  144  127  114  105  102  100  101  103
  103  100   94   87   80   72   63   57   53
     2.5-180.0 180.0   5.0 450.0                            LAT/LON1/LON2/DLON/H
   51   49   51   57   68   87  111  140  172  203  232  260  286  318  357  398
  427  446  450  441  428  413  402  397  406  416  425  431  435  435  434  431
  428  427  427  425  419  410  400  389  373  353  323  284  245  214  194  189
  199  211  220  222  218  208  193  176  159  140  123  112  108  107  107  108
  108  104   98   90   82   74   65   56   51
