pyiri/igsg3410.12i
     1.0            IONOSPHERE MAPS     MIX                 IONEX VERSION / TYPE
cmpcmb v1.2          GRL/UWM            20-dec-12 13:39     PGM / RUN BY / DATE 
ionex file containing IGS COMBINED Ionosphere maps          COMMENT             
global ionosphere maps for day 341, 2012                    DESCRIPTION         
IONEX file containing the COMBINED IGS TEC MAPS and DCBs    DESCRIPTION         
      IONEX files of the following IAACs were combined: cod DESCRIPTION         
                                                        esa DESCRIPTION         
                                                        jpl DESCRIPTION         
                                                        upc DESCRIPTION         
Contact address: Andrzej Krankowski                         DESCRIPTION
                 Geodynamics Research Laboratory            DESCRIPTION
                 University of Warmia and Mazury (GRL/UWM)  DESCRIPTION
                 Oczapowski St. 1                           DESCRIPTION
                 10-957-Olsztyn, POLAND                     DESCRIPTION
                 e-mail:  kand@uwm.edu.pl                   DESCRIPTION
                                                            DESCRIPTION         
  2012    12     6     0     0     0                        EPOCH OF FIRST MAP  
  2012    12     7     0     0     0                        EPOCH OF LAST MAP   
  7200                                                      INTERVAL            
    13                                                      # OF MAPS IN FILE   
  COSZ                                                      MAPPING FUNCTION    
     0.0                                                    ELEVATION CUTOFF    
combined TEC calculated as weighted mean of input TEC valuesOBSERVABLES USED    
   415                                                      # OF STATIONS       
    32                                                      # OF SATELLITES     
  6371.0                                                    BASE RADIUS         
     2                                                      MAP DIMENSION       
   450.0 450.0   0.0                                        HGT1 / HGT2 / DHGT  
    87.5 -87.5  -2.5                                        LAT1 / LAT2 / DLAT  
  -180.0 180.0   5.0                                        LON1 / LON2 / DLON  
    -1                                                      EXPONENT            
TEC values in 0.1 tec units;  9999, if no value available   COMMENT             
DCB values in nanoseconds, reference is Sum_of_SatDCBs = 0  COMMENT             
                                                            END OF HEADER       
[from data line 5148]
    13                                                      START OF TEC MAP    
  2012    12     7     0     0     0                        EPOCH OF CURRENT MAP
    87.5-180.0 180.0   5.0 450.0                            LAT/LON1/LON2/DLON/H
   27   28   28   29   29   29   29   29   29   30   29   30   30   30   29   29
   29   29   28   28   27   27   26   26   25   25   25   24   24   24   24   23
   23   23   22   22   22   22   22   22   22   22   22   22   21   22   22   22
   22   22   22   22   23   23   23   23   24   24   24   24   24   25   25   25
   25   26   26   26   26   26   27   27   27
    85.0-180.0 180.0   5.0 450.0                            LAT/LON1/LON2/DLON/H
   32   32   33   34   34   34   34   35   35   35   35   35   35   34   34   34
   33   33   32   31   31   30   29   28   27   27   26   25   25   24   24   24
   23   22   22   22   22   21   21   21   21   20   20   20   20   20   20   21
   21   21   21   21   22   22   22   22   23   23   23   23   24   24   24   25
   26   27   27   28   29   30   30   31   32
    82.5-180.0 180.0   5.0 450.0                            LAT/LON1/LON2/DLON/H
   38   39   39   41   41   41   42   42   42   42   43   42   42   42   41   40
   39   38   36   35   34   33   32   30   29   28   27   26   25   25   24   23
   23   23   22   22   22   22   22   22   21   21   21   21   21   22   22   22
   23   23   22   22   22   22   22   22   22   22   22   23   23   24   25   26
   27   29   30   31   33   34   36   36   38
    80.0-180.0 180.0   5.0 450.0                            LAT/LON1/LON2/DLON/H
   44   45   47   47   48   49   49   49   49   49   48   48   48   47   47   45
   45   43   42   40   38   37   34   32   30   29   28   27   26   25   25   24
   24   24   24   24   24   24   23   23   23   23   23   23   23   23   24   24
   24   24   25   24   23   23   22   22   22   22   21   22   22   23   25   27
   29   31   33   35   37   39   41   42   44
    77.5-180.0 180.0   5.0 450.0                            LAT/LON1/LON2/DLON/H
   51   54   54   55   55   55   55   55   55   55   54   53   53   52   51   50
   48   47   45   43   42   40   37   35   33   31   29   29   28   27   27   27
   27   27   27   27   27   27   26   25   25   25   25   25   26   26   26   26
   26   27   26   26   25   24   24   22   21   21   21   21   22   23   25   27
   30   33   36   39   42   44   47   50   51
    75.0-180.0 180.0   5.0 450.0                            LAT/LON1/LON2/DLON/H
   61   62   63   63   63   62   62   61   60   59   59   58   56   55   54   53
   51   49   47   45   42   40   38   36   35   33   32   31   30   30   29   29
   29   29   30   30   29   28   28   27   26   26   26   26   27   27   27   28
   28   28   28   27   26   25   24   23   21   21   20   21   22   24   26   29
   33   37   41   45   49   52   56   59   61
    72.5-180.0 180.0   5.0 450.0                            LAT/LON1/LON2/DLON/H
   71   72   73   73   71   70   68   66   65   64   62   60   58   56   55   54
   52   49   47   44   42   40   39   37   36   35   34   33   33   32   32   32
   31   31   31   31   30   29   28   26   25   25   25   25   26   26   27   27
   29   29   29   29   28   27   26   24   23   22   21   22   23   25   29   32
   37   42   47   52   57   62   66   69   71
    70.0-180.0 180.0   5.0 450.0                            LAT/LON1/LON2/DLON/H
   81   83   83   83   81   78   76   73   71   69   65   62   60   57   55   52
   50   48   45   43   42   40   39   38   38   36   36   35   35   34   33   32
   31   31   30   29   28   28   27   25   23   22   22   24   24   25   26   27
   28   30   31   31   30   29   27   26   25   24   24   25   26   30   33   37
   43   49   54   61   67   71   76   79   81
    67.5-180.0 180.0   5.0 450.0                            LAT/LON1/LON2/DLON/H
   92   94   94   94   91   88   84   80   77   73   70   66   62   58   55   52
   48   45   43   42   41   41   40   39   39   37   36   36   35   34   33   32
   30   28   27   25   24   24   24   22   21   20   21   22   24   26   27   28
   30   32   33   33   32   31   30   28   28   27   28   29   32   36   40   46
   52   58   64   70   75   81   86   90   92
    65.0-180.0 180.0   5.0 450.0                            LAT/LON1/LON2/DLON/H
  101  104  105  104  101   98   93   88   83   79   74   70   66   61   57   51
   47   43   42   41   40   40   40   38   38   37   35   35   34   33   31   30
   27   25   23   22   20   21   21   20   20   20   22   24   27   29   31   32
   34   35   36   36   34   33   31   29   30   31   33   35   39   44   49   56
   63   69   74   80   84   90   94   98  101
    62.5-180.0 180.0   5.0 450.0                            LAT/LON1/LON2/DLON/H
  109  111  113  113  110  106  100   94   89   84   80   75   70   66   59   52
   47   42   40   39   39   38   38   37   36   34   33   33   31   31   30   28
   25   23   22   21   20   19   20   21   22   23   26   31   33   36   38   38
   40   40   39   38   37   35   32   31   32   34   38   41   48   54   60   67
   75   81   86   89   94   98  102  106  109
    60.0-180.0 180.0   5.0 450.0                            LAT/LON1/LON2/DLON/H
  114  116  118  118  115  111  106  101   95   90   85   80   75   71   61   54
   48   44   40   38   39   38   37   35   33   32   30   30   29   29   29   29
   27   24   23   22   22   22   23   25   27   31   34   39   42   44   46   46
   46   44   43   41   40   38   36   35   35   38   43   49   56   63   71   79
   87   92   96  100  102  105  108  111  114
    57.5-180.0 180.0   5.0 450.0                            LAT/LON1/LON2/DLON/H
  118  120  121  121  119  115  110  105  100   95   90   85   80   74   65   59
   52   46   42   39   39   37   35   33   31   29   28   28   29   30   30   31
   30   29   27   27   27   29   31   34   38   42   46   51   53   55   55   54
   52   50   47   45   43   41   39   38   39   42   48   55   64   73   82   90
   97  104  107  109  111  112  114  116  118
    55.0-180.0 180.0   5.0 450.0                            LAT/LON1/LON2/DLON/H
  122  123  124  123  121  118  114  109  103   99   94   89   84   78   71   64
   56   50   44   42   40   37   34   31   29   28   28   30   32   35   34   35
   36   36   36   36   37   40   43   48   52   57   62   66   67   69   67   65
   60   55   50   47   46   44   43   42   43   45   51   59   70   80   90   99
  107  112  116  119  120  121  121  121  122
    52.5-180.0 180.0   5.0 450.0                            LAT/LON1/LON2/DLON/H
  127  127  127  126  124  121  117  112  107  101   97   92   88   82   76   69
   62   55   49   46   42   38   35   32   31   31   32   34   38   41   43   43
   45   46   48   50   51   54   59   63   67   72   77   81   82   83   80   75
   69   61   55   51   49   47   46   46   47   49   55   63   74   84   96  106
  113  119  124  127  129  129  129  128  127
    50.0-180.0 180.0   5.0 450.0                            LAT/LON1/LON2/DLON/H
  135  134  133  131  130  128  123  118  112  105  101   96   91   86   81   75
   68   62   56   51   46   41   38   37   37   38   41   44   47   52   54   54
   55   58   61   64   66   69   74   79   81   84   88   91   93   92   89   83
   76   68   61   57   54   52   51   50   52   55   60   67   78   89   99  108
  116  123  130  135  138  139  138  136  135
    47.5-180.0 180.0   5.0 450.0                            LAT/LON1/LON2/DLON/H
  146  145  143  141  140  138  133  127  119  111  105   99   95   90   86   80
   75   69   62   57   52   48   46   46   47   51   54   58   60   63   65   63
   65   68   72   75   78   83   88   90   91   91   94   95   97   97   94   90
   83   76   69   65   61   59   57   56   59   62   68   74   83   93  101  110
  118  125  133  140  145  147  148  147  146
    45.0-180.0 180.0   5.0 450.0                            LAT/LON1/LON2/DLON/H
  159  158  157  156  154  152  146  139  129  119  111  104   98   94   90   85
   80   74   68   64   60   59   59   61   63   67   70   73   74   75   74   72
   71   75   79   83   87   93   96   97   96   95   96   97   99   99   98   96
   90   84   77   72   68   65   63   64   66   70   76   82   89   97  104  111
  119  126  134  142  150  155  157  158  159
    42.5-180.0 180.0   5.0 450.0                            LAT/LON1/LON2/DLON/H
  170  172  172  172  171  169  163  153  142  130  119  110  103   98   94   89
   83   79   75   72   71   72   76   79   83   87   87   87   86   83   80   76
   76   78   82   87   92   98  100  100   99   98   97   98   99  100  101  100
   96   91   84   79   74   71   69   70   73   79   85   90   97  103  108  114
  119  125  133  142  151  159  165  168  170
    40.0-180.0 180.0   5.0 450.0                            LAT/LON1/LON2/DLON/H
  179  184  185  186  187  186  179  169  156  142  129  118  109  103   99   94
   88   84   81   81   84   88   93   99  102  104  102   99   93   88   82   77
   76   79   83   89   94   99  101  101  100   98   97   97   98  100  103  104
  101   97   91   85   79   76   75   76   80   86   93   99  104  109  113  117
  121  126  132  140  150  160  169  175  179
    37.5-180.0 180.0   5.0 450.0                            LAT/LON1/LON2/DLON/H
  185  190  194  196  198  198  192  182  169  154  139  126  117  110  104   98
   92   89   88   91   95  102  109  115  116  115  110  105   97   89   82   77
   77   80   84   89   93   98  100   99   98   97   96   97   98  100  104  106
  105  100   95   89   84   80   79   81   87   95  102  108  112  116  119  122
  124  128  133  140  148  159  169  178  185
    35.0-180.0 180.0   5.0 450.0                            LAT/LON1/LON2/DLON/H
  187  192  196  199  202  203  199  191  179  164  148  134  124  117  110  103
   97   95   96  101  106  113  121  123  122  117  111  105   97   90   83   79
   80   83   87   91   94   98   99   97   96   97   98   99  101  102  104  106
  105  102   98   92   86   82   82   85   93  102  111  116  120  124  127  130
  132  134  137  142  150  160  171  180  187
    32.5-180.0 180.0   5.0 450.0                            LAT/LON1/LON2/DLON/H
  190  192  195  198  201  202  201  195  184  169  155  141  131  123  116  110
  104  102  103  108  114  120  124  123  118  110  104  100   96   91   88   86
   88   89   92   95   97   99   99   97   97   99  102  104  104  103  103  105
  105  103   99   93   87   83   84   88   98  108  118  124  128  132  136  141
  143  145  148  152  159  169  179  186  190
    30.0-180.0 180.0   5.0 450.0                            LAT/LON1/LON2/DLON/H
  200  197  195  195  196  197  197  194  185  172  159  146  136  129  123  117
  112  110  111  114  117  120  119  114  106   98   95   95   97   97   97   99
  100  101  101  102  102  102  101  100  100  103  106  109  106  103  101  103
  104  104  100   93   87   84   85   91  101  114  124  130  134  139  145  153
  157  161  166  172  180  188  196  201  200
    27.5-180.0 180.0   5.0 450.0                            LAT/LON1/LON2/DLON/H
  223  211  204  198  195  195  195  192  185  173  160  149  139  132  127  123
  119  117  115  115  115  114  110  102   93   87   88   95  104  109  114  117
  118  118  115  112  109  106  104  103  104  107  111  111  107  102   99  100
  102  103   99   92   86   84   85   91  104  118  129  136  141  147  155  166
  174  181  191  199  210  219  226  229  223
    25.0-180.0 180.0   5.0 450.0                            LAT/LON1/LON2/DLON/H
  260  243  226  215  207  202  200  196  189  177  162  150  141  134  129  126
  123  121  118  114  110  106  101   93   86   84   90  103  117  129  137  141
  143  140  132  123  117  112  108  106  106  110  113  111  105   99   95   96
   99  100   97   91   84   82   84   92  105  121  133  141  147  154  166  180
  193  205  218  233  249  260  269  271  260
    22.5-180.0 180.0   5.0 450.0                            LAT/LON1/LON2/DLON/H
  311  293  269  251  235  225  218  213  203  188  170  156  146  137  130  126
  124  122  117  110  103   99   95   92   90   94  104  121  138  153  164  171
  173  162  150  136  127  118  112  108  107  109  111  108  100   93   89   91
   94   96   93   88   83   81   84   93  108  124  138  147  155  163  176  193
  210  228  247  269  290  307  318  321  311
    20.0-180.0 180.0   5.0 450.0                            LAT/LON1/LON2/DLON/H
  370  355  328  305  282  267  255  246  231  211  187  168  154  143  133  126
  124  120  113  103   96   96   99  103  110  120  131  146  163  178  191  199
  197  183  165  146  134  122  115  108  105  105  105  102   94   86   82   84
   88   91   89   85   80   79   83   95  112  129  143  155  164  173  187  206
  227  250  273  302  328  351  369  377  370
    17.5-180.0 180.0   5.0 450.0                            LAT/LON1/LON2/DLON/H
  429  423  402  371  345  327  310  297  276  249  219  192  172  154  139  129
  123  117  107   96   91   99  110  123  140  153  165  176  186  196  206  213
  206  191  172  151  138  122  114  105  100   99   99   95   87   78   75   77
   82   86   85   81   77   78   84   98  117  135  152  165  175  186  202  223
  244  270  298  332  361  391  412  426  429
    15.0-180.0 180.0   5.0 450.0                            LAT/LON1/LON2/DLON/H
  478  480  459  434  412  389  379  362  336  299  264  227  197  173  152  135
  125  117  105   94   93  107  128  150  171  186  195  200  202  202  204  205
  197  185  167  146  133  119  110  102   96   94   93   89   81   72   68   70
   76   80   80   77   75   76   86  102  123  142  161  176  188  201  217  240
  263  289  319  354  385  417  442  462  478
    12.5-180.0 180.0   5.0 450.0                            LAT/LON1/LON2/DLON/H
  500  513  503  484  467  450  439  424  398  356  311  270  234  202  173  147
  133  123  111  103  106  124  151  178  199  209  212  212  205  195  187  182
  179  170  155  135  124  112  105   98   92   90   88   84   76   67   64   66
   73   76   76   73   73   77   88  105  128  150  171  188  201  216  234  256
  280  305  335  368  399  429  455  479  500
    10.0-180.0 180.0   5.0 450.0                            LAT/LON1/LON2/DLON/H
  500  517  518  508  498  489  485  475  453  412  364  320  278  240  203  169
  147  135  125  122  130  150  177  202  218  222  217  208  193  178  164  158
  159  154  142  126  117  109  104   97   92   88   87   82   74   66   62   65
   70   72   72   71   72   79   90  110  134  159  181  198  213  228  248  269
  293  319  348  377  404  431  455  478  500
     7.5-180.0 180.0   5.0 450.0                            LAT/LON1/LON2/DLON/H
  486  504  510  507  504  502  503  500  485  452  409  367  326  285  241  198
  168  154  148  151  162  180  202  222  229  224  209  192  174  158  146  141
  143  143  136  122  116  111  107  100   93   90   87   82   74   68   66   68
   71   72   71   71   74   81   95  117  142  168  190  207  222  239  258  280
  303  328  356  382  405  425  445  465  486
     5.0-180.0 180.0   5.0 450.0                            LAT/LON1/LON2/DLON/H
  466  483  492  493  495  496  500  503  495  473  440  406  369  330  283  232
  196  182  179  187  199  212  228  238  232  214  191  171  156  144  136  135
  141  144  139  129  124  119  114  106   97   92   89   85   78   73   71   72
   74   74   73   72   75   84  101  124  150  174  195  213  229  245  266  287
  310  335  361  383  402  416  430  446  466
     2.5-180.0 180.0   5.0 450.0                            LAT/LON1/LON2/DLON/H
  446  462  473  475  478  482  487  492  491  478  457  430  403  370  325  271
  231  219  222  233  241  248  253  247  226  196  169  155  147  140  139  143
  153  159  155  144  138  130  122  112  103   97   92   87   83   79   78   79
   80   80   77   77   79   89  107  131  156  179  199  215  231  248  268  291
  314  339  363  385  398  407  416  429  446
