pyiri/igsg3410.12i
     1.0            IONOSPHERE MAPS     MIX                 IONEX VERSION / TYPE
cmpcmb v1.2          GRL/UWM            20-dec-12 13:39     PGM / RUN BY / DATE 
ionex file containing IGS COMBINED Ionosphere maps          COMMENT             
global ionosphere maps for day 341, 2012                    DESCRIPTION         
IONEX file containing the COMBINED IGS TEC MAPS and DCBs    DESCRIPTION         
      IONEX files of the following IAACs were combined: cod DESCRIPTION         
                                                        esa DESCRIPTION         
                                                        jpl DESCRIPTION         
                                                        upc DESCRIPTION         
Contact address: Andrzej Krankowski                         DESCRIPTION
                 Geodynamics Research Laboratory            DESCRIPTION
                 University of Warmia and Mazury (GRL/UWM)  DESCRIPTION
                 Oczapowski St. 1                           DESCRIPTION
                 10-957-Olsztyn, POLAND                     DESCRIPTION
                 e-mail:  kand@uwm.edu.pl                   DESCRIPTION
                                                            DESCRIPTION         
  2012    12     6     0     0     0                        EPOCH OF FIRST MAP  
  2012    12     7     0     0     0                        EPOCH OF LAST MAP   
  7200                                                      INTERVAL            
    13                                                      # OF MAPS IN FILE   
  COSZ                                                      MAPPING FUNCTION    
     0.0                                                    ELEVATION CUTOFF    
combined TEC calculated as weighted mean of input TEC valuesOBSERVABLES USED    
   415                                                      # OF STATIONS       
    32                                                      # OF SATELLITES     
  6371.0                                                    BASE RADIUS         
     2                                                      MAP DIMENSION       
   450.0 450.0   0.0                                        HGT1 / HGT2 / DHGT  
    87.5 -87.5  -2.5                                        LAT1 / LAT2 / DLAT  
  -180.0 180.0   5.0                                        LON1 / LON2 / DLON  
    -1                                                      EXPONENT            
TEC values in 0.1 tec units;  9999, if no value available   COMMENT             
DCB values in nanoseconds, reference is Sum_of_SatDCBs = 0  COMMENT             
                                                            END OF HEADER       
[from data line 3861]
    10                                                      START OF TEC MAP    
  2012    12     6    18     0     0                        EPOCH OF CURRENT MAP
    87.5-180.0 180.0   5.0 450.0                            LAT/LON1/LON2/DLON/H
   27   27   27   28   28   28   28   28   29   29   29   30   30   30   31   31
   31   32   32   32   33   33   33   33   33   33   33   33   33   33   33   33
   32   32   32   32   32   31   31   31   30   30   30   29   29   29   29   28
   28   28   28   27   27   27   27   27   26   26   26   26   26   26   26   26
   26   26   26   26   26   26   26   27   27
    85.0-180.0 180.0   5.0 450.0                            LAT/LON1/LON2/DLON/H
   27   28   28   28   28   28   29   29   30   30   31   31   32   33   33   34
   34   35   36   36   37   37   38   38   39   38   38   38   37   37   36   36
   36   36   35   34   34   34   33   33   33   32   31   30   30   29   29   29
   28   28   27   27   26   26   26   25   25   25   25   25   25   26   26   26
   26   26   26   26   27   27   27   27   27
    82.5-180.0 180.0   5.0 450.0                            LAT/LON1/LON2/DLON/H
   29   29   29   30   31   31   32   32   33   33   34   35   36   37   38   39
   40   41   41   42   43   43   44   44   43   43   42   42   41   41   40   39
   38   37   37   36   35   35   34   34   34   34   33   32   31   31   30   30
   29   29   28   27   27   26   26   25   26   26   25   26   26   26   26   26
   27   27   28   28   28   28   28   28   29
    80.0-180.0 180.0   5.0 450.0                            LAT/LON1/LON2/DLON/H
   31   32   33   33   34   34   35   35   36   37   38   39   40   42   43   45
   46   47   48   48   50   49   50   50   49   49   48   47   46   45   44   42
   40   39   38   37   36   35   34   33   33   32   32   32   31   31   30   30
   29   28   28   27   27   26   27   26   25   25   25   26   26   27   27   27
   28   28   28   29   29   29   30   31   31
    77.5-180.0 180.0   5.0 450.0                            LAT/LON1/LON2/DLON/H
   34   34   34   35   35   35   35   36   37   39   41   43   45   48   50   52
   53   54   56   58   59   58   59   58   56   55   53   51   49   47   45   43
   42   40   38   37   36   35   35   34   33   32   31   30   30   30   30   29
   29   28   27   27   27   27   26   26   25   25   25   25   26   26   26   27
   28   29   30   30   31   31   32   32   34
    75.0-180.0 180.0   5.0 450.0                            LAT/LON1/LON2/DLON/H
   35   35   35   35   34   34   35   36   37   40   43   47   52   55   59   62
   64   65   67   67   67   68   66   65   62   59   56   53   51   47   45   43
   41   39   38   37   36   35   34   34   33   32   31   30   29   29   29   29
   28   27   27   26   26   26   25   25   24   23   23   23   23   24   25   26
   27   29   30   31   31   32   33   34   35
    72.5-180.0 180.0   5.0 450.0                            LAT/LON1/LON2/DLON/H
   33   34   33   33   33   33   33   35   38   42   47   53   58   63   68   72
   75   76   77   78   79   76   74   71   68   63   59   56   52   49   46   42
   40   38   37   36   35   34   33   33   33   31   31   30   29   28   29   29
   29   28   27   27   26   25   25   24   23   22   21   20   21   22   23   24
   26   27   29   29   31   31   32   33   33
    70.0-180.0 180.0   5.0 450.0                            LAT/LON1/LON2/DLON/H
   31   31   30   29   30   31   32   35   40   45   51   59   65   72   78   83
   86   89   90   91   89   86   82   78   74   69   64   60   55   52   48   44
   41   38   36   35   34   33   33   32   31   30   29   28   27   27   29   30
   30   29   29   28   27   27   25   24   23   21   20   20   20   21   22   23
   24   26   27   28   29   30   30   31   31
    67.5-180.0 180.0   5.0 450.0                            LAT/LON1/LON2/DLON/H
   28   28   27   27   28   30   32   36   42   50   58   66   74   82   88   95
   98  102  103  102   99   96   91   86   81   76   70   66   61   57   52   48
   44   40   38   35   34   32   31   31   29   29   28   27   27   28   30   31
   31   30   31   31   30   29   27   26   24   23   22   22   21   22   22   24
   25   25   26   27   27   29   28   28   28
    65.0-180.0 180.0   5.0 450.0                            LAT/LON1/LON2/DLON/H
   26   26   26   26   27   30   34   39   46   55   65   74   84   93  100  106
  111  113  114  112  110  106  101   96   90   84   79   74   69   65   59   54
   49   44   40   36   33   31   30   29   28   27   27   28   28   29   32   33
   33   34   34   34   33   32   30   29   27   26   26   25   25   26   26   27
   27   27   27   27   27   28   27   27   26
    62.5-180.0 180.0   5.0 450.0                            LAT/LON1/LON2/DLON/H
   26   26   25   26   28   31   37   44   53   63   73   83   93  102  110  117
  121  124  123  122  119  114  110  105   99   93   87   84   78   73   67   61
   55   49   43   38   33   30   29   28   27   27   28   30   31   33   35   36
   38   38   38   37   36   35   34   33   32   31   31   31   31   31   32   32
   32   31   30   30   29   29   28   27   26
    60.0-180.0 180.0   5.0 450.0                            LAT/LON1/LON2/DLON/H
   29   28   27   28   31   36   43   51   60   71   82   93  102  111  119  125
  130  133  132  130  127  122  118  113  107  102   97   92   88   82   76   69
   61   54   47   41   34   31   29   29   29   29   33   36   38   39   41   42
   43   42   41   40   39   39   38   38   37   37   37   38   38   39   39   39
   38   37   35   34   33   32   31   30   29
    57.5-180.0 180.0   5.0 450.0                            LAT/LON1/LON2/DLON/H
   35   33   32   33   36   42   50   59   70   80   90  100  109  117  126  133
  138  141  140  137  133  128  124  119  113  109  104  101   97   92   85   77
   69   59   52   44   36   34   34   33   33   34   39   45   47   46   48   49
   49   48   46   45   44   44   44   43   43   44   44   44   44   45   46   47
   46   44   41   40   38   38   37   36   35
    55.0-180.0 180.0   5.0 450.0                            LAT/LON1/LON2/DLON/H
   41   40   39   40   44   50   58   69   78   88   97  106  115  123  132  139
  145  148  146  142  137  132  128  123  119  116  112  109  105  101   94   86
   76   65   57   49   41   39   41   43   44   44   49   53   55   55   55   57
   56   54   51   49   49   48   48   47   48   48   49   50   50   52   52   52
   51   49   47   45   44   44   43   42   41
    52.5-180.0 180.0   5.0 450.0                            LAT/LON1/LON2/DLON/H
   48   47   46   48   52   59   68   78   88   96  104  111  119  128  137  145
  150  153  151  146  141  136  131  127  124  122  119  118  114  109  101   93
   83   72   63   55   50   49   52   55   56   57   61   64   65   66   66   65
   64   61   57   55   53   53   52   51   52   53   54   54   55   56   56   55
   54   53   51   50   50   50   50   49   48
    50.0-180.0 180.0   5.0 450.0                            LAT/LON1/LON2/DLON/H
   54   53   53   56   61   69   79   88   96  104  110  116  123  132  141  149
  155  157  155  150  145  139  135  132  130  129  127  126  121  115  106   96
   87   77   69   63   60   60   62   65   67   71   73   75   77   78   76   75
   72   70   68   64   61   58   57   56   56   57   58   58   60   60   59   58
   57   55   54   53   54   55   55   55   54
    47.5-180.0 180.0   5.0 450.0                            LAT/LON1/LON2/DLON/H
   58   58   59   62   69   78   87   97  104  111  115  121  127  136  145  154
  159  160  159  155  149  144  140  140  139  139  137  134  129  121  111  100
   90   82   74   70   68   70   73   75   78   81   84   85   87   87   86   85
   82   80   78   75   70   66   64   62   61   62   62   62   63   62   61   60
   59   58   57   56   57   57   58   58   58
    45.0-180.0 180.0   5.0 450.0                            LAT/LON1/LON2/DLON/H
   58   59   62   67   75   85   95  105  112  118  121  126  133  141  150  158
  163  165  164  160  155  151  149  149  150  151  148  144  137  128  117  103
   93   86   80   77   77   80   83   85   87   89   92   93   93   93   93   92
   92   91   88   85   80   74   70   68   66   65   65   65   65   64   62   61
   60   59   58   58   58   59   59   59   58
    42.5-180.0 180.0   5.0 450.0                            LAT/LON1/LON2/DLON/H
   56   58   62   69   79   91  102  112  119  125  128  133  139  147  156  163
  168  171  170  167  163  161  161  163  164  164  160  154  145  133  121  106
   96   89   85   84   85   88   90   93   94   96   97   97   97   96   96   97
   98   99   97   93   88   81   77   73   70   68   67   66   66   64   63   62
   61   60   59   59   59   58   57   56   56
    40.0-180.0 180.0   5.0 450.0                            LAT/LON1/LON2/DLON/H
   52   54   61   70   81   96  108  119  126  132  135  139  147  155  162  169
  174  177  178  176  174  173  175  177  178  177  170  162  151  137  123  109
   99   95   92   91   93   96   99   99  101  101  100  100   99   97   98  100
  102  104  102   98   92   86   81   75   72   70   69   67   66   65   63   63
   61   61   60   59   58   56   54   52   52
    37.5-180.0 180.0   5.0 450.0                            LAT/LON1/LON2/DLON/H
   47   51   58   69   84   99  113  124  133  139  143  148  154  161  169  175
  181  185  186  186  186  186  188  190  190  186  178  168  156  141  126  115
  107  103  101  101  102  105  106  106  106  104  103  102  101   99   99  101
  103  105  103   99   93   87   82   77   73   71   70   68   67   66   65   64
   63   62   60   59   56   53   50   47   47
    35.0-180.0 180.0   5.0 450.0                            LAT/LON1/LON2/DLON/H
   43   48   57   69   83  100  115  129  140  147  152  156  162  168  175  182
  187  192  195  197  197  198  198  199  196  191  183  172  159  146  135  128
  122  119  116  115  115  116  116  115  113  110  107  105  103  101  100  101
  103  103  101   97   91   86   81   76   73   71   70   69   69   68   67   66
   66   64   62   59   55   51   46   43   43
    32.5-180.0 180.0   5.0 450.0                            LAT/LON1/LON2/DLON/H
   41   46   57   69   84  101  117  132  145  154  161  166  170  175  182  187
  193  199  203  205  205  205  205  203  198  192  184  175  165  157  153  150
  147  144  140  135  132  131  130  128  124  119  115  111  108  104  101  101
  101  100   97   93   89   84   80   76   73   71   70   70   70   70   70   69
   68   67   64   61   57   52   46   42   41
    30.0-180.0 180.0   5.0 450.0                            LAT/LON1/LON2/DLON/H
   43   49   60   73   88  104  121  137  151  163  171  176  178  182  187  193
  200  206  210  212  210  208  206  203  196  189  184  179  176  176  181  183
  183  178  170  164  156  153  153  149  141  132  126  120  114  109  104  102
  101   98   95   90   86   82   79   75   72   70   70   70   71   72   73   73
   72   70   67   64   60   54   49   44   43
    27.5-180.0 180.0   5.0 450.0                            LAT/LON1/LON2/DLON/H
   49   54   67   80   94  110  126  142  159  174  182  187  187  188  193  199
  206  212  216  216  212  209  205  201  194  188  185  188  196  208  220  227
  230  224  210  198  184  177  179  172  158  149  141  130  122  115  108  105
  102   98   93   89   84   81   78   75   72   70   69   70   72   74   76   77
   76   74   72   69   65   60   54   50   49
    25.0-180.0 180.0   5.0 450.0                            LAT/LON1/LON2/DLON/H
   59   65   77   90  103  118  133  150  168  186  197  200  200  199  200  207
  212  218  220  218  212  207  203  199  195  193  194  205  223  248  269  282
  288  276  252  230  212  205  203  192  175  167  154  140  131  122  115  110
  105  100   95   90   85   82   79   76   73   71   70   71   74   76   78   79
   79   78   76   74   71   66   62   59   59
    22.5-180.0 180.0   5.0 450.0                            LAT/LON1/LON2/DLON/H
   69   76   90  103  116  129  143  160  180  201  215  219  218  216  215  219
  222  224  223  218  211  205  202  202  202  204  212  231  260  296  328  349
  351  334  296  262  238  227  219  205  188  175  161  148  138  130  123  116
  110  104   98   93   88   85   82   79   75   73   72   73   75   78   80   81
   81   80   79   78   76   73   69   67   69
    20.0-180.0 180.0   5.0 450.0                            LAT/LON1/LON2/DLON/H
   78   87  102  118  131  144  159  176  195  218  237  245  243  242  239  237
  235  233  227  219  210  205  207  212  217  225  238  264  303  350  390  409
  412  385  341  289  258  240  227  212  194  179  164  153  144  137  129  123
  116  109  103   97   94   90   87   83   79   76   75   77   78   79   80   81
   80   80   79   79   78   77   75   74   78
    17.5-180.0 180.0   5.0 450.0                            LAT/LON1/LON2/DLON/H
   85   97  114  132  148  162  178  195  216  241  261  274  279  275  272  264
  257  247  237  225  214  211  217  229  240  254  270  301  349  400  441  460
  454  419  366  313  270  246  229  214  196  179  165  155  148  140  134  127
  121  115  108  102   98   95   92   88   83   80   79   79   79   80   80   79
   78   78   77   77   78   78   78   79   85
    15.0-180.0 180.0   5.0 450.0                            LAT/LON1/LON2/DLON/H
   91  104  124  146  166  182  198  216  240  265  289  309  318  319  313  299
  285  271  254  236  224  223  233  250  269  287  308  342  390  440  474  487
  471  427  373  319  277  247  227  212  196  178  164  155  149  142  136  131
  125  119  113  107  103   99   97   92   88   85   83   82   81   80   79   77
   75   74   74   73   74   75   77   82   91
    12.5-180.0 180.0   5.0 450.0                            LAT/LON1/LON2/DLON/H
   93  110  132  158  182  202  219  239  263  290  318  343  359  366  361  343
  322  304  281  257  244  243  255  275  299  323  347  378  422  461  484  489
  467  422  369  321  279  247  225  209  193  177  165  157  151  144  138  133
  130  124  119  112  106  102  100   95   91   88   86   84   82   79   77   73
   71   69   68   68   68   70   74   82   93
    10.0-180.0 180.0   5.0 450.0                            LAT/LON1/LON2/DLON/H
   95  114  140  170  196  219  238  260  285  315  347  377  399  416  412  396
  368  343  317  290  274  272  282  303  330  357  381  407  440  466  480  477
  452  409  363  321  282  249  226  208  192  178  168  161  154  148  141  137
  135  132  124  117  110  105  102   96   92   89   88   85   82   78   74   71
   68   66   64   62   62   64   69   80   95
     7.5-180.0 180.0   5.0 450.0                            LAT/LON1/LON2/DLON/H
   95  118  147  179  209  233  254  278  305  337  372  408  435  459  462  448
  416  388  356  331  312  307  315  333  358  385  405  426  448  463  469  461
  436  399  360  324  291  258  233  213  196  183  176  168  161  155  149  145
  144  140  132  123  114  108  104   99   95   91   89   86   82   78   74   71
   67   65   62   60   59   60   66   78   95
     5.0-180.0 180.0   5.0 450.0                            LAT/LON1/LON2/DLON/H
   97  122  152  186  219  246  268  291  320  356  393  430  464  492  504  492
  465  432  398  374  353  344  347  361  383  405  422  436  450  460  459  449
  427  397  366  337  307  276  249  226  206  193  187  180  175  171  165  161
  160  154  143  131  121  113  108  103   98   94   91   88   84   80   77   75
   72   69   66   62   59   60   66   79   97
     2.5-180.0 180.0   5.0 450.0                            LAT/LON1/LON2/DLON/H
  102  126  157  191  225  254  277  302  331  365  405  441  479  510  530  525
  502  471  438  415  395  381  378  386  403  421  434  443  453  457  455  445
  429  405  382  357  329  301  271  245  223  210  202  199  195  192  187  186
  184  174  160  147  134  122  115  110  104  100   97   93   89   87   85   84
   82   79   75   70   65   64   71   83  102
