pyiri/igsg3410.12i
     1.0            IONOSPHERE MAPS     MIX                 IONEX VERSION / TYPE
cmpcmb v1.2          GRL/UWM            20-dec-12 13:39     PGM / RUN BY / DATE 
ionex file containing IGS COMBINED Ionosphere maps          COMMENT             
global ionosphere maps for day 341, 2012                    DESCRIPTION         
IONEX file containing the COMBINED IGS TEC MAPS and DCBs    DESCRIPTION         
      IONEX files of the following IAACs were combined: cod DESCRIPTION         
                                                        esa DESCRIPTION         
                                                        jpl DESCRIPTION         
                                                        upc DESCRIPTION         
Contact address: Andrzej Krankowski                         DESCRIPTION
                 Geodynamics Research Laboratory            DESCRIPTION
                 University of Warmia and Mazury (GRL/UWM)  DESCRIPTION
                 Oczapowski St. 1                           DESCRIPTION
                 10-957-Olsztyn, POLAND                     DESCRIPTION
                 e-mail:  kand@uwm.edu.pl                   DESCRIPTION
                                                            DESCRIPTION         
  2012    12     6     0     0     0                        EPOCH OF FIRST MAP  
  2012    12     7     0     0     0                        EPOCH OF LAST MAP   
  7200                                                      INTERVAL            
    13                                                      # OF MAPS IN FILE   
  COSZ                                                      MAPPING FUNCTION    
     0.0                                                    ELEVATION CUTOFF    
combined TEC calculated as weighted mean of input TEC valuesOBSERVABLES USED    
   415                                                      # OF STATIONS       
    32                                                      # OF SATELLITES     
  6371.0                                                    BASE RADIUS         
     2                                                      MAP DIMENSION       
   450.0 450.0   0.0                                        HGT1 / HGT2 / DHGT  
    87.5 -87.5  -2.5                                        LAT1 / LAT2 / DLAT  
  -180.0 180.0   5.0                                        LON1 / LON2 / DLON  
    -1                                                      EXPONENT            
TEC values in 0.1 tec units;  9999, if no value available   COMMENT             
DCB values in nanoseconds, reference is Sum_of_SatDCBs = 0  COMMENT             
                                                            END OF HEADER       
[from data line 4719]
    12                                                      START OF TEC MAP    
  2012    12     6    22     0     0                        EPOCH OF CURRENT MAP
    87.5-180.0 180.0   5.0 450.0                            LAT/LON1/LON2/DLON/H
   26   26   26   27   27   28   28   28   29   29   29   30   31   31   31   32
   33   33   33   34   34   34   35   35   35   35   35   35   35   35   35   35
   35   35   35   34   34   34   33   33   33   32   32   32   32   32   32   32
   31   31   31   30   30   30   29   29   29   28   28   28   28   27   27   26
   26   26   26   26   26   26   26   26   26
    85.0-180.0 180.0   5.0 450.0                            LAT/LON1/LON2/DLON/H
   24   24   25   26   26   27   28   29   29   30   31   32   33   35   35   36
   36   38   38   38   39   39   40   40   39   40   40   39   39   39   38   38
   38   37   37   37   36   36   35   35   34   34   34   33   32   32   32   31
   31   31   31   31   30   30   30   29   29   28   28   28   27   26   26   25
   25   24   24   24   24   24   24   24   24
    82.5-180.0 180.0   5.0 450.0                            LAT/LON1/LON2/DLON/H
   24   25   25   26   27   28   29   30   32   33   35   37   38   40   41   42
   43   43   44   45   44   44   44   44   44   43   43   43   43   43   43   43
   43   43   42   42   41   40   39   38   37   36   35   34   34   33   33   32
   32   32   32   31   31   31   31   30   30   29   29   28   27   26   26   26
   25   24   24   23   23   22   23   24   24
    80.0-180.0 180.0   5.0 450.0                            LAT/LON1/LON2/DLON/H
   27   28   28   29   29   31   32   34   36   38   40   42   44   46   47   48
   49   50   51   51   50   49   48   47   47   47   46   46   46   46   46   46
   45   45   44   44   43   42   41   40   39   36   36   34   33   32   32   32
   32   32   32   32   32   32   32   32   31   30   30   29   28   27   26   26
   25   24   23   23   23   23   25   26   27
    77.5-180.0 180.0   5.0 450.0                            LAT/LON1/LON2/DLON/H
   31   32   33   35   36   38   40   42   45   47   49   51   53   55   56   57
   58   58   57   56   55   54   53   51   49   48   48   47   47   46   46   46
   46   46   45   44   43   42   41   39   38   37   36   33   32   31   30   29
   29   30   30   31   31   31   31   31   31   30   29   29   28   27   26   26
   25   24   24   24   24   25   26   28   31
    75.0-180.0 180.0   5.0 450.0                            LAT/LON1/LON2/DLON/H
   38   41   44   45   48   50   53   55   57   59   61   64   65   65   66   66
   65   64   63   62   59   56   53   51   49   48   47   46   46   46   45   46
   45   45   44   43   42   40   38   37   35   34   33   31   30   28   27   26
   26   26   26   27   28   28   29   29   29   29   29   28   27   27   26   25
   24   24   25   25   27   29   32   36   38
    72.5-180.0 180.0   5.0 450.0                            LAT/LON1/LON2/DLON/H
   49   53   56   60   63   65   68   69   71   74   75   76   77   77   76   75
   72   69   67   63   60   56   52   50   48   46   44   44   44   43   43   43
   42   42   41   40   38   36   34   32   29   28   26   26   25   24   23   22
   22   22   23   24   25   25   26   26   27   27   28   27   26   25   24   24
   24   25   26   28   31   35   40   45   49
    70.0-180.0 180.0   5.0 450.0                            LAT/LON1/LON2/DLON/H
   61   67   71   76   78   81   83   85   86   87   89   89   88   87   85   81
   76   73   68   64   60   55   51   48   46   44   42   42   41   40   40   38
   38   37   35   34   31   29   27   27   24   22   21   21   21   21   20   19
   19   20   21   22   22   24   25   25   26   26   27   26   25   24   23   23
   24   25   28   31   35   42   49   56   61
    67.5-180.0 180.0   5.0 450.0                            LAT/LON1/LON2/DLON/H
   73   81   87   91   95   97   98   99  100  100  101  100   98   96   92   87
   81   75   69   65   60   56   51   48   45   43   41   39   38   37   35   34
   32   30   29   27   25   22   20   21   21   18   18   18   19   19   19   19
   20   20   22   22   23   24   25   26   27   27   27   26   25   24   23   24
   25   26   30   34   41   49   57   66   73
    65.0-180.0 180.0   5.0 450.0                            LAT/LON1/LON2/DLON/H
   85   93  100  105  108  109  110  110  111  111  110  108  106  103   98   91
   86   78   74   68   63   58   54   50   46   43   41   38   36   34   31   29
   26   24   22   22   20   17   16   17   18   17   18   18   19   21   23   23
   23   23   24   24   24   25   27   28   29   29   28   28   27   26   25   26
   27   30   33   38   45   57   66   76   85
    62.5-180.0 180.0   5.0 450.0                            LAT/LON1/LON2/DLON/H
   94  103  111  115  117  119  118  119  119  118  118  116  113  109  103   97
   91   84   80   74   68   63   58   53   49   45   41   37   34   32   28   26
   23   21   19   19   19   17   17   17   18   18   20   23   25   28   31   30
   30   29   28   27   27   28   30   31   32   33   32   31   30   29   29   29
   31   34   39   44   54   63   74   84   94
    60.0-180.0 180.0   5.0 450.0                            LAT/LON1/LON2/DLON/H
  102  111  117  122  124  124  124  124  124  124  124  122  118  114  109  103
   97   93   87   81   75   70   64   58   53   48   43   39   35   31   28   25
   23   22   21   20   20   19   19   20   22   26   29   33   38   40   41   41
   40   39   37   34   33   33   35   36   36   37   36   36   36   35   34   35
   37   41   46   52   61   70   80   91  102
    57.5-180.0 180.0   5.0 450.0                            LAT/LON1/LON2/DLON/H
  108  116  122  126  128  128  128  128  129  128  128  126  123  118  114  108
  103  105   94   87   82   76   69   62   57   51   46   41   38   34   30   28
   25   25   25   24   24   25   27   30   32   36   40   46   50   54   55   54
   53   51   48   44   41   40   40   41   41   41   41   41   41   40   40   41
   44   49   54   61   69   77   87   97  108
    55.0-180.0 180.0   5.0 450.0                            LAT/LON1/LON2/DLON/H
  113  120  126  129  130  131  130  132  132  132  131  130  127  123  119  113
  109  110   99   93   87   81   73   66   60   55   49   46   44   40   37   33
   32   31   33   35   36   38   42   44   47   50   54   59   63   67   67   66
   64   61   58   53   48   46   45   45   45   45   45   44   44   44   45   47
   51   56   64   70   78   85   94  104  113
    52.5-180.0 180.0   5.0 450.0                            LAT/LON1/LON2/DLON/H
  119  126  130  133  135  135  135  135  136  136  135  133  130  126  123  118
  114  111  104   99   92   85   76   70   64   59   55   52   51   47   45   44
   41   43   46   49   52   55   58   60   61   63   66   72   77   79   77   75
   72   68   64   59   54   51   50   49   49   49   49   48   47   47   48   51
   57   63   72   78   87   94  102  111  119
    50.0-180.0 180.0   5.0 450.0                            LAT/LON1/LON2/DLON/H
  126  132  137  139  141  141  141  141  142  140  138  135  133  129  126  123
  119  115  110  104   98   90   82   76   70   65   62   60   59   57   55   55
   55   57   61   66   68   71   73   74   75   75   78   83   86   88   86   83
   80   76   70   65   60   57   56   55   54   54   53   52   49   49   50   55
   62   70   79   87   95  103  111  118  126
    47.5-180.0 180.0   5.0 450.0                            LAT/LON1/LON2/DLON/H
  133  140  145  147  150  150  150  150  149  146  143  139  135  132  129  127
  124  121  115  110  103   96   89   84   78   75   72   71   69   68   65   65
   66   70   74   80   83   83   85   85   86   86   87   90   94   95   93   91
   87   83   77   71   68   64   62   61   59   58   57   55   53   52   54   59
   67   77   86   94  102  109  117  126  133
    45.0-180.0 180.0   5.0 450.0                            LAT/LON1/LON2/DLON/H
  140  148  155  158  160  161  161  160  157  153  148  143  139  135  132  131
  129  126  121  116  109  104   99   95   90   88   85   83   81   79   76   74
   75   78   82   87   91   92   92   92   93   93   94   96   98  100   99   97
   94   90   84   79   75   72   68   66   64   62   60   58   56   56   57   63
   72   82   92   99  107  115  123  132  140
    42.5-180.0 180.0   5.0 450.0                            LAT/LON1/LON2/DLON/H
  146  155  161  166  168  171  172  170  165  159  154  148  143  139  136  135
  134  132  128  123  118  115  111  109  106  102   99   95   92   88   84   81
   80   83   87   91   94   95   96   96   96   97   97   99  100  102  102  101
   98   95   89   86   82   78   74   70   68   66   63   61   59   59   62   68
   77   88   97  104  112  119  129  138  146
    40.0-180.0 180.0   5.0 450.0                            LAT/LON1/LON2/DLON/H
  152  158  166  170  175  179  180  178  172  165  159  153  148  144  140  140
  139  138  135  131  128  126  125  124  121  115  109  103   98   93   88   84
   83   85   88   92   95   96   97   97   97   98   98   99  101  103  104  104
  101   98   93   90   87   83   78   72   69   67   65   63   62   63   66   74
   83   93  103  110  116  123  133  144  152
    37.5-180.0 180.0   5.0 450.0                            LAT/LON1/LON2/DLON/H
  155  162  167  173  179  183  185  183  177  170  163  157  153  149  146  145
  145  145  143  140  139  138  139  137  133  124  115  107  100   95   90   85
   84   87   90   93   95   96   96   96   96   96   97   99  101  103  105  104
  102   99   95   92   89   85   79   74   70   68   67   66   66   67   72   80
   91  100  110  116  122  129  139  148  155
    35.0-180.0 180.0   5.0 450.0                            LAT/LON1/LON2/DLON/H
  160  164  168  173  179  183  185  184  179  172  167  162  158  155  152  151
  151  152  151  150  149  148  148  146  140  127  115  106  100   95   91   88
   88   91   95   97   97   97   96   95   94   94   95   97  100  104  104  103
  101   97   94   92   89   86   80   75   71   69   68   68   69   72   79   89
  100  110  118  124  130  138  146  153  160
    32.5-180.0 180.0   5.0 450.0                            LAT/LON1/LON2/DLON/H
  166  168  169  171  176  180  183  182  178  173  169  166  163  161  159  158
  158  159  159  158  156  154  153  149  140  125  112  104  100   98   96   96
   97  100  104  105  104  101   98   96   93   92   93   95   99  101  103  102
   98   95   93   91   90   86   82   77   73   69   69   69   71   76   85   97
  110  120  129  136  143  150  158  163  166
    30.0-180.0 180.0   5.0 450.0                            LAT/LON1/LON2/DLON/H
  179  179  176  174  176  178  180  179  177  173  171  169  168  168  166  165
  165  166  165  163  161  158  154  147  134  118  107  104  105  108  110  112
  115  118  119  119  116  111  105  102   96   92   91   93   96   99  101  100
   97   93   91   90   90   87   83   78   73   70   68   69   72   79   90  105
  118  129  139  148  157  166  174  179  179
    27.5-180.0 180.0   5.0 450.0                            LAT/LON1/LON2/DLON/H
  202  198  193  189  186  185  184  182  179  177  174  173  174  174  173  172
  171  170  169  166  163  158  151  141  127  113  107  111  122  130  137  141
  142  142  140  138  133  126  118  110  101   95   92   91   94   97   99   98
   94   91   89   89   89   88   84   79   74   69   67   68   71   80   94  110
  125  138  150  162  175  185  195  202  202
    25.0-180.0 180.0   5.0 450.0                            LAT/LON1/LON2/DLON/H
  233  232  225  219  210  205  199  193  189  186  181  179  179  180  178  175
  173  171  168  166  162  156  150  138  125  116  117  132  151  169  179  180
  175  169  163  158  152  145  132  120  109   98   94   92   93   96   97   97
   93   90   88   88   89   88   85   79   72   67   64   65   70   80   96  114
  131  146  161  176  192  208  221  230  233
    22.5-180.0 180.0   5.0 450.0                            LAT/LON1/LON2/DLON/H
  269  275  274  265  253  241  230  220  211  204  196  191  189  187  182  177
  173  169  166  162  158  154  151  143  133  133  144  171  198  222  234  227
  216  196  184  174  168  157  142  128  116  102   97   93   92   94   96   96
   93   90   88   88   88   87   84   78   71   65   61   62   67   79   96  116
  134  152  169  189  210  231  250  263  269
    20.0-180.0 180.0   5.0 450.0                            LAT/LON1/LON2/DLON/H
  310  322  330  323  311  298  280  265  247  234  222  211  203  197  190  181
  172  168  163  159  154  155  158  156  155  164  187  223  255  278  287  274
  254  223  200  185  172  159  144  131  119  106  100   94   93   94   96   95
   92   90   88   87   88   86   83   77   70   63   59   60   66   81   98  118
  138  156  177  200  225  253  276  295  310
    17.5-180.0 180.0   5.0 450.0                            LAT/LON1/LON2/DLON/H
  346  367  386  388  379  366  346  325  299  277  257  239  226  215  203  188
  176  169  164  159  156  161  170  176  185  203  234  273  304  318  321  299
  268  237  205  183  167  152  139  128  118  108  103   97   95   95   95   95
   92   90   88   87   86   84   81   76   69   62   58   59   67   83  102  123
  142  161  183  209  238  269  297  323  346
    15.0-180.0 180.0   5.0 450.0                            LAT/LON1/LON2/DLON/H
  377  408  432  445  441  430  423  396  361  329  304  276  256  240  224  203
  186  175  168  164  163  175  187  202  219  243  276  312  332  335  325  295
  258  224  195  173  155  142  131  124  117  109  106  100   97   96   95   93
   91   89   86   86   84   82   79   74   67   62   59   60   69   87  108  129
  148  168  189  216  248  281  313  344  377
    12.5-180.0 180.0   5.0 450.0                            LAT/LON1/LON2/DLON/H
  395  433  465  488  493  491  484  459  430  390  353  323  297  276  254  228
  204  189  179  175  178  193  214  237  258  284  311  332  337  321  298  266
  230  201  179  161  146  134  125  121  116  111  109  103   99   96   94   91
   90   87   85   83   82   80   76   71   66   61   59   62   72   91  114  136
  156  176  198  224  256  291  323  357  395
    10.0-180.0 180.0   5.0 450.0                            LAT/LON1/LON2/DLON/H
  401  440  476  503  518  527  531  518  488  446  406  373  345  321  296  263
  234  213  199  196  202  221  250  277  296  318  332  331  314  286  256  222
  195  178  166  156  144  134  127  121  117  113  111  106  100   96   92   89
   87   86   84   82   81   77   73   69   65   62   61   65   77   97  122  145
  166  186  208  234  265  299  330  365  401
     7.5-180.0 180.0   5.0 450.0                            LAT/LON1/LON2/DLON/H
  400  435  467  497  518  535  547  548  525  489  452  420  393  371  343  306
  272  247  233  229  235  257  285  312  330  342  337  313  278  241  208  182
  167  165  166  163  155  145  138  130  122  117  114  107  101   96   91   88
   86   85   85   83   81   77   73   71   68   65   65   70   84  106  132  156
  177  198  219  244  274  305  335  365  400
     5.0-180.0 180.0   5.0 450.0                            LAT/LON1/LON2/DLON/H
  396  425  453  478  501  521  537  543  534  511  483  456  435  415  388  350
  314  287  275  269  276  292  317  341  355  354  329  288  242  201  170  154
  155  169  183  187  180  170  158  144  130  121  116  107  100   96   92   90
   89   89   89   87   84   80   78   75   72   70   70   76   91  115  142  166
  188  209  231  255  282  310  338  367  396
     2.5-180.0 180.0   5.0 450.0                            LAT/LON1/LON2/DLON/H
  394  416  437  460  479  499  517  522  523  513  495  477  463  447  423  393
  356  332  319  313  318  327  346  366  376  363  321  268  218  179  155  150
  166  193  216  225  218  204  186  164  142  127  119  109  102   97   95   95
   96   97   97   95   91   87   85   83   79   77   77   83   99  123  151  175
  198  220  242  264  290  316  342  368  394
